0.01 0 -0.00099934
2.05061 0 -0.00519473
4.09122 0 -0.0103662
6.13184 0 -0.0187928
8.17245 0 -0.0423448
10.2131 0 0.35965
12.2537 0 0.0317257
14.2943 0 0.0146688
16.3349 0 0.00821468
18.3755 0 0.0047202
20.4161 0 0.00252668
22.4567 0 0.00105699
24.4973 0 5.30319e-05
26.538 0 -0.000622281
28.5786 0 -0.00105226
30.6192 0 -0.00129376
32.6598 0 -0.00138904
34.7004 0 -0.00137211
36.741 0 -0.00127137
38.7816 0 -0.0011113
40.8222 0 -0.000913172
42.8629 0 -0.000695335
44.9035 0 -0.00047344
46.9441 0 -0.000260388
48.9847 0 -6.64606e-05
51.0253 0 0.000100664
53.0659 0 0.000235848
55.1065 0 0.000336298
57.1471 0 0.000401398
59.1878 0 0.000432396
61.2284 0 0.000432199
63.269 0 0.000404932
65.3096 0 0.000355673
67.3502 0 0.000290029
69.3908 0 0.000213861
71.4314 0 0.000132894
73.472 0 5.25048e-05
75.5126 0 -2.25578e-05
77.5533 0 -8.84112e-05
79.5939 0 -0.00014201
81.6345 0 -0.000181397
83.6751 0 -0.000205586
85.7157 0 -0.000214582
87.7563 0 -0.000209266
89.7969 0 -0.000191274
91.8375 0 -0.000162839
93.8782 0 -0.000126603
95.9188 0 -8.54504e-05
97.9594 0 -4.23164e-05
100 0 -9.44046e-10
