0.01 0 -0.000469236
2.05061 0 -0.0400991
4.09122 0 -0.0382875
6.13184 0 -0.0709643
8.17245 0 -0.0700108
10.2131 0 0.333073
12.2537 0 0.0167875
14.2943 0 0.00448387
16.3349 0 -0.0248171
18.3755 0 0.0245944
20.4161 0 -0.00944031
22.4567 0 -0.00258366
24.4973 0 0.0500004
26.538 0 0.0435794
28.5786 0 0.022525
30.6192 0 0.0308656
32.6598 0 0.0217349
34.7004 0 0.0468714
36.741 0 0.0268023
38.7816 0 0.0501949
40.8222 0 0.00955832
42.8629 0 -0.0221473
44.9035 0 -0.012242
46.9441 0 0.0173937
48.9847 0 -0.0567198
51.0253 0 0.0240862
53.0659 0 0.00372652
55.1065 0 -0.00173696
57.1471 0 0.0091172
59.1878 0 0.0242403
61.2284 0 0.00881012
63.269 0 -0.0409219
65.3096 0 -0.00166091
67.3502 0 -0.00291626
69.3908 0 -0.0295868
71.4314 0 -0.0507344
73.472 0 -0.0270135
75.5126 0 0.0303088
77.5533 0 -0.00782395
79.5939 0 -0.0372362
81.6345 0 0.0858181
83.6751 0 -0.0498193
85.7157 0 0.0198687
87.7563 0 0.00449585
89.7969 0 0.00467921
91.8375 0 0.0744605
93.8782 0 0.00998984
95.9188 0 0.00299345
97.9594 0 0.00599297
100 0 -0.0375052
