0.01 0 0.00523059
2.05061 0 0.0108198
4.09122 0 -0.0359551
6.13184 0 0.0142909
8.17245 0 0.0331303
10.2131 0 0.055796
12.2537 0 -0.0550832
14.2943 0 -0.121079
16.3349 0 0.00031898
18.3755 0 -0.165986
20.4161 0 -0.103879
22.4567 0 -0.0156984
24.4973 0 0.0808094
26.538 0 -0.0421303
28.5786 0 -0.108667
30.6192 0 -0.108651
32.6598 0 -0.0144444
34.7004 0 -0.0297711
36.741 0 0.055813
38.7816 0 -0.0669229
40.8222 0 -0.0693608
42.8629 0 0.0264114
44.9035 0 0.0357401
46.9441 0 -0.0520028
48.9847 0 -0.0903369
51.0253 0 0.0543751
53.0659 0 -0.0604654
55.1065 0 -0.12692
57.1471 0 0.0272585
59.1878 0 0.0640793
61.2284 0 -0.025528
63.269 0 0.0327964
65.3096 0 -0.158044
67.3502 0 0.0552323
69.3908 0 0.0986389
71.4314 0 0.0575442
73.472 0 0.108394
75.5126 0 -0.0246691
77.5533 0 0.0245783
79.5939 0 0.0210696
81.6345 0 0.10957
83.6751 0 0.0289548
85.7157 0 -0.0529924
87.7563 0 -0.0253801
89.7969 0 -0.00894556
91.8375 0 -0.101614
93.8782 0 0.0540667
95.9188 0 0.0429106
97.9594 0 0.0210953
100 0 -0.0133127
