0.01 0 -0.00846334
2.05061 0 -0.0192692
4.09122 0 -0.0152331
6.13184 0 -0.133548
8.17245 0 0.0519069
10.2131 0 0.276565
12.2537 0 0.0851946
14.2943 0 0.0120679
16.3349 0 -0.11189
18.3755 0 0.0149684
20.4161 0 0.106188
22.4567 0 0.0104169
24.4973 0 -0.0422871
26.538 0 -0.00844773
28.5786 0 0.0137454
30.6192 0 0.0312739
32.6598 0 0.00408092
34.7004 0 -0.0125849
36.741 0 -0.0167608
38.7816 0 -0.00795419
40.8222 0 -0.0733464
42.8629 0 0.0254102
44.9035 0 0.0170524
46.9441 0 0.0167926
48.9847 0 0.0578833
51.0253 0 0.0705607
53.0659 0 -0.0150851
55.1065 0 -0.0133962
57.1471 0 -0.0915518
59.1878 0 0.109225
61.2284 0 -0.0127585
63.269 0 -0.00286438
65.3096 0 0.130773
67.3502 0 0.0492877
69.3908 0 -0.0109476
71.4314 0 0.107061
73.472 0 -0.0341503
75.5126 0 0.0245502
77.5533 0 -0.0109957
79.5939 0 -0.1139
81.6345 0 -0.0205693
83.6751 0 0.0723528
85.7157 0 0.00677322
87.7563 0 0.075479
89.7969 0 -0.13827
91.8375 0 0.0710777
93.8782 0 -0.02679
95.9188 0 -0.0792
97.9594 0 -0.0931513
100 0 0.156355
