0.01 0 -0.000847764
2.05061 0 -0.00943755
4.09122 0 -0.0105591
6.13184 0 -0.0230703
8.17245 0 -0.0499771
10.2131 0 0.358958
12.2537 0 0.0309705
14.2943 0 0.0213401
16.3349 0 0.00962284
18.3755 0 -0.00193184
20.4161 0 0.00499902
22.4567 0 -0.00157573
24.4973 0 0.00126888
26.538 0 -0.00541969
28.5786 0 -0.00209215
30.6192 0 -0.00248573
32.6598 0 -0.000706879
34.7004 0 -0.00197989
36.741 0 0.00207052
38.7816 0 -0.00172959
40.8222 0 0.00263671
42.8629 0 0.00220864
44.9035 0 -0.00438499
46.9441 0 0.00268071
48.9847 0 -0.00490808
51.0253 0 -0.00412663
53.0659 0 -0.00572122
55.1065 0 0.000851675
57.1471 0 0.000723021
59.1878 0 -0.00228746
61.2284 0 -0.00341042
63.269 0 0.00292775
65.3096 0 0.00302902
67.3502 0 -0.00302576
69.3908 0 -0.0056833
71.4314 0 0.000857914
73.472 0 0.00135434
75.5126 0 -0.00266722
77.5533 0 -0.00774178
79.5939 0 0.00103493
81.6345 0 0.00485947
83.6751 0 0.00260674
85.7157 0 -0.00353966
87.7563 0 0.000546856
89.7969 0 0.00265653
91.8375 0 0.00282645
93.8782 0 0.00207169
95.9188 0 0.000467811
97.9594 0 -0.00370256
100 0 0.00204019
