0.01 0 0.501364
20.418 0 1.00167
40.8259 0 1.00082
61.2339 0 0.999815
81.6418 0 0.999475
102.05 0 0.999836
122.458 0 1.00003
142.866 0 1.00031
163.274 0 0.999931
183.682 0 0.99968
204.09 0 0.999884
224.498 0 0.999695
244.906 0 1.00023
265.313 0 0.999814
285.721 0 0.999701
306.129 0 0.999894
326.537 0 0.999374
346.945 0 1.00022
367.353 0 0.999523
387.761 0 0.999671
408.169 0 0.999835
428.577 0 0.998882
448.985 0 1.0003
469.393 0 0.998823
489.801 0 0.999561
510.209 0 0.999523
530.617 0 0.997508
551.025 0 1.0007
571.433 0 0.995265
591.841 0 0.998649
612.249 0 0.989202
632.657 0 1.01736
653.065 0 0.998585
673.473 0 1.00513
693.881 0 1.00025
714.289 0 1.00138
734.697 0 1.00176
755.104 0 0.999704
775.512 0 1.00195
795.92 0 0.999998
816.328 0 1.00093
836.736 0 1.00083
857.144 0 0.999894
877.552 0 1.00124
897.96 0 0.999925
918.368 0 1.00079
938.776 0 1.00048
959.184 0 1.00001
979.592 0 1.00089
1000 0 0.999896
