0.01 0
20.41795918367347 0
40.82591836734694 0
61.233877551020406 0
81.64183673469388 0
102.04979591836735 0
122.45775510204082 0
142.86571428571426 0
163.27367346938775 0
183.68163265306123 0
204.08959183673468 0
224.49755102040814 0
244.90551020408162 0
265.3134693877551 0
285.72142857142853 0
306.129387755102 0
326.5373469387755 0
346.945306122449 0
367.35326530612247 0
387.7612244897959 0
408.1691836734694 0
428.57714285714286 0
448.9851020408163 0
469.39306122448977 0
489.80102040816325 0
510.20897959183674 0
530.6169387755102 0
551.0248979591837 0
571.4328571428571 0
591.8408163265306 0
612.248775510204 0
632.6567346938775 0
653.064693877551 0
673.4726530612245 0
693.880612244898 0
714.2885714285715 0
734.6965306122449 0
755.1044897959183 0
775.5124489795918 0
795.9204081632653 0
816.3283673469388 0
836.7363265306122 0
857.1442857142857 0
877.5522448979592 0
897.9602040816326 0
918.3681632653061 0
938.7761224489795 0
959.184081632653 0
979.5920408163265 0
1000.0 0
