0.01 0
2.050612244897959 0
4.091224489795918 0
6.131836734693877 0
8.172448979591836 0
10.213061224489795 0
12.253673469387754 0
14.294285714285714 0
16.334897959183674 0
18.375510204081632 0
20.416122448979593 0
22.456734693877554 0
24.49734693877551 0
26.53795918367347 0
28.57857142857143 0
30.61918367346939 0
32.659795918367344 0
34.7004081632653 0
36.74102040816326 0
38.78163265306122 0
40.82224489795918 0
42.86285714285714 0
44.9034693877551 0
46.94408163265306 0
48.98469387755102 0
51.025306122448974 0
53.06591836734693 0
55.106530612244896 0
57.14714285714285 0
59.18775510204081 0
61.228367346938775 0
63.26897959183673 0
65.3095918367347 0
67.35020408163265 0
69.39081632653061 0
71.43142857142857 0
73.47204081632653 0
75.5126530612245 0
77.55326530612246 0
79.59387755102041 0
81.63448979591837 0
83.67510204081633 0
85.71571428571428 0
87.75632653061224 0
89.79693877551021 0
91.83755102040817 0
93.87816326530613 0
95.91877551020409 0
97.95938775510204 0
100.0 0
